0.19403178795524265 0.19403178795524265 0.19403178795524265 0.19403178795524265 0.19403178795524265 0.19403178795524265 0.19403178795524265 0.19403178795524265 0.19403178795524265 0.19403178795524265 0.2088195634767031 0.2088195634767031 0.2088195634767031 0.2088195634767031 0.2997076039512952 0.2997076039512952 0.2997076039512952 0.2997076039512952
0.032798633385181235 0.03829523758371931 0.06742855997071648 0.08584260418947215 0.10866943229550233 0.14046934220200075 0.15780678115141242 0.159668341092672 0.16052742996571134 0.16567847370796746 0.17028575098578758 0.17070765873853988 0.1707421112895169 0.17124963156843268 0.17973830107874258 0.18183644808470875 0.18709891107566393 0.19227204901480968
1
9
39
12
1.0 -1.0 0.9568399873723861 -1.0 -1.0
19 7 22 13 20 6 32 30 22
? ?

