0.15589080583946457 0.1730433289927465 0.1730433289927465 0.1730433289927465 0.1730433289927465 0.1730433289927465 0.19903381832915804 0.2048658944018509 0.2048658944018509 0.2048658944018509 0.2048658944018509 0.2048658944018509 0.2048658944018509 0.2048658944018509 0.2048658944018509 0.2048658944018509 0.2048658944018509 0.2048658944018509 0.2050336500008901
0.0447093043925412 0.05292406582201957 0.06259679777182563 0.07585523213706644 0.0875111840664268 0.11811097122677522 0.13743983940740123 0.15144235871094514 0.15270597624886087 0.15763548660310087 0.15838253484375928 0.1607462796776085 0.16384342816339234 0.16617203746577025 0.16617203746577025 0.16617203746577025 0.16617203746577025 0.1668943126516915 0.17116789681571984
1
9
45
24
1.0 -0.8845044147081027 -1.0 -1.0 -0.5491337778030523
38 22 29 22 9 17 -10 22 21
? ?

