0.11650910614324467 0.12025200290714994 0.1460687362899383 0.1460687362899383 0.2676282049371646 0.2676282049371646 0.2676282049371646 0.2676282049371646 0.2676282049371646 0.2676282049371646 0.2676282049371646 0.2676282049371646 0.2676282049371646
0.03172873894661842 0.0319626699943625 0.03780270466796946 0.04187838798795295 0.06959000596925807 0.1166787575269584 0.1574306151468327 0.16208319689629647 0.1730182931949299 0.17360751630784088 0.17775374792992385 0.1790519744167833 0.18644741173113574
1
9
36
14
1.0 -0.09609857483555417 -1.0 0.4972140833489448 -1.0
-11 15 -15 58 19 39 -11 3 -22
? ?

