0.15817736387252807 0.15817736387252807 0.15817736387252807 0.18750000053218432 0.19045209472900942 0.19045209472900942 0.19045209472900942 0.19045209472900942 0.19045209472900942 0.250997153039162 0.250997153039162 0.250997153039162 0.250997153039162 0.250997153039162 0.250997153039162 0.250997153039162 0.2997076039512952
0.02417839573748077 0.03293995272704124 0.044326024998982194 0.05442522839156526 0.11182785467843516 0.1425553738308745 0.1534950181378146 0.1576301049316459 0.15862332060883708 0.16577361788957237 0.17071962570829763 0.17683119243908013 0.17817587321798217 0.17817587321798217 0.1785947739629717 0.17885825735180894 0.18879293038318296
1
9
43
12
1.0 0.9660791619253439 -0.9129580197600013 0.6178343691521722 0.9632119635668932
36 7 33 37 19 7 32 29 28
? ?

